Input
-40040.000000 99540.000000 -112070.000000]
-81760.000000 93170.000000 -211120.000000]
-79030.000000 84350.000000 -208530.000000]
-55790.000000 -1470.000000 -131530.000000]
-35770.000000 -30590.000000 -192920.000000]
-54040.000000 -83160.000000 -150430.000000]
-44030.000000 -44730.000000 -91490.000000]
-8960.000000 45570.000000 -63070.000000]
190470.000000 -69300.000000 27370.000000]
-5180.000000 -70000.000000 -1890.000000]
980.000000 52430.000000 -77070.000000]
39410.000000 -60970.000000 -83370.000000]
73430.000000 -78190.000000 -164640.000000]
65940.000000 -151690.000000 -93520.000000]
9660.000000 -230160.000000 14210.000000]
30940.000000 -159320.000000 -70980.000000]
-20790.000000 -59220.000000 -7630.000000]
-72870.000000 -13720.000000 42420.000000]
28420.000000 -30660.000000 -66080.000000]
-10010.000000 -9030.000000 26880.000000]
78750.000000 22890.000000 -104510.000000]
-60690.000000 -53550.000000 104160.000000]
-38990.000000 51520.000000 5950.000000]
80430.000000 32620.000000 -142660.000000]
-12670.000000 89040.000000 -30380.000000]
91910.000000 29750.000000 -83020.000000]
84840.000000 -38920.000000 -34090.000000]
144270.000000 22820.000000 -20440.000000]
46480.000000 -15260.000000 -11550.000000]
31360.000000 56560.000000 25340.000000]
214480.000000 31850.000000 -35700.000000]
143990.000000 -44310.000000 -17570.000000]
125510.000000 36190.000000 -12530.000000]
51450.000000 54460.000000 -11410.000000]
-279510.000000 -4410.000000 46900.000000]
140630.000000 10500.000000 -50120.000000]
151060.000000 -22400.000000 -34300.000000]
-139020.000000 39550.000000 11200.000000]
291340.000000 109830.000000 -39340.000000]
-151830.000000 -64820.000000 17290.000000]
83370.000000 59640.000000 -30800.000000]
137970.000000 68180.000000 -18480.000000]
-307580.000000 48510.000000 28980.000000]
-12250.000000 269920.000000 -2520.000000]
11480.000000 304500.000000 13650.000000]
-66710.000000 268310.000000 15960.000000]
279510.000000 198730.000000 -27440.000000]
54460.000000 49980.000000 -1820.000000]
-250810.000000 -68390.000000 17850.000000]
181230.000000 123270.000000 -79590.000000]
19390.000000 -25550.000000 -2380.000000]
-318990.000000 -59430.000000 -49700.000000]
375480.000000 65870.000000 -7350.000000]
69650.000000 -84700.000000 53900.000000]
-152810.000000 15050.000000 -52080.000000]
308350.000000 63560.000000 17920.000000]
-294630.000000 -149800.000000 28560.000000]
275940.000000 140560.000000 -19460.000000]
205240.000000 32620.000000 43820.000000]
-413210.000000 -164010.000000 24570.000000]
261730.000000 110040.000000 9100.000000]
-83440.000000 -120610.000000 43890.000000]
-376740.000000 -98210.000000 19530.000000]
316050.000000 87640.000000 25900.000000]
-176400.000000 -142100.000000 16450.000000]
12320.000000 139580.000000 -28210.000000]
240240.000000 1960.000000 42630.000000]
-229460.000000 -155820.000000 6160.000000]
94220.000000 114590.000000 -6580.000000]
113540.000000 -12530.000000 35140.000000]
-320810.000000 -49140.000000 19110.000000]
154210.000000 94640.000000 -9800.000000]
85750.000000 -12810.000000 20790.000000]
-406840.000000 -53900.000000 40530.000000]
259560.000000 23170.000000 -17500.000000]
311850.000000 28700.000000 11620.000000]
-382760.000000 -111930.000000 15540.000000]
261800.000000 88200.000000 -11550.000000]
109900.000000 -40670.000000 18620.000000]
-378560.000000 -100660.000000 8470.000000]
154070.000000 109760.000000 -3080.000000]
123760.000000 -33670.000000 27230.000000]
-395780.000000 8540.000000 36610.000000]
256410.000000 43820.000000 23660.000000]
328720.000000 86940.000000 38990.000000]
-359520.000000 6790.000000 16800.000000]
168840.000000 94010.000000 40740.000000]
406490.000000 55860.000000 60760.000000]
-413140.000000 -81900.000000 20370.000000]
118720.000000 132510.000000 -6160.000000]
298830.000000 -32900.000000 58870.000000]
-366590.000000 -148400.000000 -70.000000]
-15120.000000 91560.000000 -12530.000000]
336490.000000 -11270.000000 34720.000000]
-350420.000000 -103110.000000 -19810.000000]
171150.000000 38640.000000 16450.000000]
304360.000000 280.000000 34230.000000]
-363650.000000 -130480.000000 -9590.000000]
191240.000000 88900.000000 -6720.000000]
166460.000000 -28630.000000 17010.000000]
-311990.000000 -102900.000000 -12180.000000]
52570.000000 84490.000000 -7560.000000]
211890.000000 16660.000000 22890.000000]
-389620.000000 -26180.000000 7350.000000]
-74060.000000 63210.000000 -1050.000000]
445270.000000 42350.000000 25410.000000]
-433650.000000 -113960.000000 -13510.000000]
185080.000000 85050.000000 -19390.000000]
539070.000000 34580.000000 24290.000000]
-408870.000000 -67690.000000 -32410.000000]
14840.000000 38220.000000 -1540.000000]
408240.000000 52850.000000 49490.000000]
-396830.000000 -153370.000000 -42490.000000]
70840.000000 149170.000000 -8330.000000]
392350.000000 52710.000000 55510.000000]
-470820.000000 -96110.000000 31150.000000]
274960.000000 113610.000000 -14840.000000]
410690.000000 48370.000000 35490.000000]
-416010.000000 -123620.000000 10290.000000]
164500.000000 116620.000000 -12180.000000]
253050.000000 13720.000000 31430.000000]
-415870.000000 -159460.000000 1890.000000]
14490.000000 126910.000000 -10360.000000]
415170.000000 50540.000000 38080.000000]
-467740.000000 -126980.000000 21910.000000]
207620.000000 88620.000000 -17990.000000]
514640.000000 60900.000000 29540.000000]
-401170.000000 -127400.000000 -2660.000000]
73850.000000 102830.000000 -3430.000000]
425110.000000 66640.000000 42070.000000]
-346290.000000 -166250.000000 -3430.000000]
-81480.000000 106190.000000 -12740.000000]
479570.000000 67410.000000 40040.000000]
-391160.000000 -118790.000000 -2730.000000]
-65100.000000 76720.000000 -19670.000000]
344960.000000 50610.000000 8750.000000]
-172970.000000 -131040.000000 -14000.000000]
-112350.000000 48370.000000 -8610.000000]
444640.000000 83790.000000 18900.000000]
-100660.000000 -114380.000000 -9240.000000]
-404250.000000 -36050.000000 12530.000000]
382690.000000 70630.000000 -12600.000000]
-183470.000000 -120330.000000 -24290.000000]
-120890.000000 69650.000000 -2660.000000]
319340.000000 8960.000000 22610.000000]
-131180.000000 -91000.000000 -6230.000000]
-221270.000000 51520.000000 -350.000000]
340130.000000 21280.000000 2310.000000]
-39760.000000 -50610.000000 -280.000000]
-282800.000000 13090.000000 1400.000000]
396410.000000 5250.000000 13300.000000]
-152040.000000 -103320.000000 -6370.000000]
-335020.000000 -32340.000000 7490.000000]
294350.000000 36470.000000 9100.000000]
-184170.000000 -57190.000000 -10710.000000]
-244860.000000 8890.000000 5880.000000]
243740.000000 24220.000000 20230.000000]
70420.000000 -64120.000000 5740.000000]
-320320.000000 -15750.000000 -1190.000000]
321790.000000 9660.000000 13930.000000]
259560.000000 11270.000000 21210.000000]
-359730.000000 -25270.000000 15540.000000]
121030.000000 6440.000000 15610.000000]
162050.000000 -25550.000000 18060.000000]
-75950.000000 74620.000000 -15540.000000]
40530.000000 -42420.000000 1260.000000]
-192850.000000 -33320.000000 7560.000000]
22960.000000 49490.000000 -1260.000000]
221830.000000 -21210.000000 4340.000000]
-259280.000000 -20930.000000 2590.000000]
-167160.000000 8820.000000 7350.000000]
397670.000000 50260.000000 6440.000000]
-111930.000000 -89600.000000 -11550.000000]
-303310.000000 -23030.000000 10290.000000]
131390.000000 59990.000000 3710.000000]
223090.000000 -22610.000000 13510.000000]
-366450.000000 -31780.000000 4130.000000]
82670.000000 16730.000000 -6790.000000]
383670.000000 48650.000000 15050.000000]
-212660.000000 -70700.000000 -14700.000000]
-90930.000000 22330.000000 1890.000000]
354200.000000 52430.000000 19110.000000]
-46550.000000 -87780.000000 -10360.000000]
-244650.000000 -700.000000 9380.000000]
290430.000000 41720.000000 350.000000]
195650.000000 -4900.000000 3710.000000]
-334040.000000 -31570.000000 -1400.000000]
98000.000000 5810.000000 -3430.000000]
295890.000000 45220.000000 4760.000000]
-183680.000000 -14700.000000 -8190.000000]
174860.000000 -8400.000000 3920.000000]
-113890.000000 -55020.000000 -6930.000000]
-205170.000000 34790.000000 -1610.000000]
180740.000000 8470.000000 -2590.000000]
92190.000000 -18060.000000 2870.000000]
-268310.000000 -90580.000000 -1540.000000]
28700.000000 53550.000000 -9660.000000]
324310.000000 37520.000000 6020.000000]
-282870.000000 -31570.000000 -4340.000000]
-89530.000000 9380.000000 2170.000000]
328860.000000 40530.000000 8330.000000]
-228620.000000 -42490.000000 -11270.000000]
-36750.000000 -18480.000000 -4760.000000]
249060.000000 3780.000000 -3290.000000]
-91910.000000 -17990.000000 -13300.000000]
59710.000000 14490.000000 -10430.000000]
-10710.000000 -35560.000000 -2730.000000]
-281820.000000 -13860.000000 13090.000000]
99120.000000 63980.000000 -3430.000000]
196980.000000 -22820.000000 -2800.000000]
-168280.000000 -41790.000000 8330.000000]
-122150.000000 -22260.000000 16660.000000]
108010.000000 27230.000000 17920.000000]
54810.000000 -19600.000000 10220.000000]
132090.000000 12740.000000 -5810.000000]
58520.000000 -17220.000000 1190.000000]
-215950.000000 -47040.000000 24710.000000]
65800.000000 74690.000000 -23170.000000]
286090.000000 74970.000000 1680.000000]
-89460.000000 -94570.000000 5110.000000]
-167860.000000 -25830.000000 19810.000000]
178710.000000 50820.000000 6580.000000]
122570.000000 -4200.000000 1120.000000]
-203840.000000 -50330.000000 3990.000000]
-12530.000000 44940.000000 -8820.000000]
259350.000000 107450.000000 -1960.000000]
-29820.000000 -98630.000000 -1400.000000]
-213920.000000 -24990.000000 10500.000000]
251230.000000 86730.000000 3290.000000]
214200.000000 13440.000000 21350.000000]
-267750.000000 -69020.000000 -210.000000]
22330.000000 46830.000000 -8610.000000]
309050.000000 69510.000000 32200.000000]
-109340.000000 -115640.000000 -3710.000000]
-151340.000000 11620.000000 9030.000000]
272860.000000 67130.000000 8330.000000]
106400.000000 -4270.000000 6790.000000]
-258230.000000 -25200.000000 -2170.000000]
139300.000000 43680.000000 3150.000000]
230160.000000 12180.000000 19670.000000]
-191940.000000 -70140.000000 -13790.000000]
-95900.000000 -25900.000000 16030.000000]
367920.000000 114660.000000 2030.000000]
-182140.000000 -32410.000000 -26180.000000]
-199150.000000 -56700.000000 19880.000000]
101850.000000 44170.000000 -12180.000000]
219100.000000 -6720.000000 11970.000000]
-203490.000000 -38640.000000 -15120.000000]
-122430.000000 -19530.000000 4900.000000]
252560.000000 79730.000000 -5110.000000]
-4760.000000 -44520.000000 280.000000]
-190540.000000 -79590.000000 7700.000000]
39900.000000 30590.000000 -8960.000000]
255500.000000 63210.000000 -1750.000000]
-71330.000000 -56630.000000 -4690.000000]
-199920.000000 -64680.000000 6790.000000]
57400.000000 43960.000000 -10220.000000]
256760.000000 -15890.000000 16030.000000]
-170030.000000 -14770.000000 -15890.000000]
-115990.000000 -350.000000 -1470.000000]
195720.000000 51240.000000 -4690.000000]
90020.000000 -70490.000000 27860.000000]
-323400.000000 -79100.000000 980.000000]
160300.000000 35910.000000 -4830.000000]
309050.000000 88550.000000 -6790.000000]
-170170.000000 -32130.000000 -14350.000000]
-83440.000000 5880.000000 -9030.000000]
345380.000000 38990.000000 9100.000000]
58450.000000 -106960.000000 22750.000000]
-239260.000000 -4550.000000 -770.000000]
197050.000000 38710.000000 -1400.000000]
145740.000000 -12460.000000 7420.000000]
-281330.000000 -37590.000000 8890.000000]
57050.000000 83930.000000 -8120.000000]
337470.000000 60340.000000 15610.000000]
-152250.000000 -99330.000000 13370.000000]
-171010.000000 12110.000000 -24360.000000]
197050.000000 21140.000000 21000.000000]
-43610.000000 -75600.000000 12180.000000]
-247100.000000 -42070.000000 -10430.000000]
36890.000000 -16450.000000 17430.000000]
342230.000000 89040.000000 8820.000000]
-247380.000000 -54320.000000 -12530.000000]
-215600.000000 -54040.000000 -3780.000000]
249970.000000 66990.000000 17430.000000]
-84560.000000 -87010.000000 -9030.000000]
-177730.000000 -65940.000000 210.000000]
39340.000000 -12040.000000 16870.000000]
165970.000000 61040.000000 3570.000000]
-251720.000000 -82180.000000 -31080.000000]
200200.000000 38920.000000 27440.000000]
307860.000000 57540.000000 27580.000000]
-219030.000000 -69650.000000 -10640.000000]
-121940.000000 34650.000000 -16590.000000]
256340.000000 62790.000000 25900.000000]
-71050.000000 -93030.000000 -7840.000000]
-222040.000000 -49700.000000 -15610.000000]
-47250.000000 -30030.000000 12180.000000]
110810.000000 60340.000000 -4830.000000]
-28560.000000 -16170.000000 -30170.000000]
24010.000000 -2660.000000 2380.000000]
-61390.000000 -26740.000000 700.000000]
-5600.000000 26600.000000 -14490.000000]
143570.000000 39620.000000 -5810.000000]
117250.000000 -43330.000000 8960.000000]
-193270.000000 -36680.000000 20930.000000]
-69930.000000 69440.000000 -15820.000000]
172690.000000 29610.000000 8680.000000]
100170.000000 -43470.000000 11620.000000]
-191240.000000 -55790.000000 -3500.000000]
16520.000000 58870.000000 -7210.000000]
296100.000000 118790.000000 16800.000000]
-154000.000000 -131810.000000 6930.000000]
-198310.000000 -49000.000000 -20440.000000]
250810.000000 67760.000000 24150.000000]
211260.000000 35980.000000 14350.000000]
-253470.000000 -50190.000000 -19250.000000]
210.000000 35700.000000 2380.000000]
293650.000000 76090.000000 31990.000000]
-15890.000000 -78470.000000 2590.000000]
Output
72.973816 -180.707016 -28778.474609
212.590179 -327.259155 -2989.562988
273.863098 -301.179077 12933.570312
79.114685 237.193771 22048.947266
-471.886108 1206.698120 27288.335938
-1138.741089 2113.671143 29059.531250
-1375.872192 1684.076050 28087.935547
-474.090088 -1149.378296 26292.636719
1492.142456 -5533.236328 25383.806641
4305.059082 -8830.144531 26049.923828
5553.383301 -6849.743652 24533.541016
2638.735840 4257.942383 13686.524414
-6355.021973 23801.085938 -12481.322266
-21560.859375 46151.421875 -55214.789062
-40608.968750 62212.953125 -107944.882812
-58947.519531 63502.972656 -157514.328125
-70606.523438 47154.414062 -189896.515625
-70755.945312 18012.535156 -195392.921875
-58037.519531 -13173.664062 -172886.156250
-34736.460938 -34922.882812 -130690.835938
-6826.378906 -40701.371094 -83191.328125
19614.507812 -32442.716797 -46294.218750
39670.492188 -20549.013672 -30168.035156
51487.125000 -17743.105469 -36222.878906
56038.023438 -32974.656250 -56891.019531
54274.187500 -65571.554688 -78856.789062
47365.667969 -105321.796875 -89923.351562
36038.277344 -137325.015625 -84587.718750
22148.171875 -148784.390625 -65519.824219
8203.814453 -135634.531250 -40785.476562
-3115.130615 -103611.539062 -18708.503906
-9419.691406 -64229.812500 -4221.905273
-10912.808594 1854.359253 -18666.234375
-9042.302734 591.684875 -24513.433594
-4734.777344 -6389.176758 -19379.244141
654.482056 -18174.699219 -9872.889648
8783.236328 -32818.863281 -789.599915
21356.101562 -46729.328125 5829.800293
36545.632812 -55598.617188 7633.083984
55827.898438 -55756.566406 2515.401367
77215.531250 -47355.019531 -8584.811523
99047.593750 -33255.722656 -22327.253906
118147.867188 -17604.210938 -32824.238281
127130.679688 -4581.781250 -34878.046875
120889.101562 4143.593750 -27676.509766
97943.765625 9560.450195 -14900.503906
63119.574219 13433.630859 -2337.443359
29729.761719 16949.945312 3791.533203
10953.730469 20149.238281 1861.277466
12532.744141 20313.121094 -5401.153809
30416.578125 17016.892578 -14226.597656
50668.230469 10659.524414 -19734.330078
55320.703125 6590.240234 -20197.673828
37794.820312 15016.031250 -16551.216797
4166.678223 43448.171875 -9428.227539
-30365.351562 93242.671875 -1854.534546
-46271.152344 155051.625000 4473.813965
-38184.429688 209352.156250 9047.383789
-11405.999023 237101.421875 9454.872070
19319.134766 226974.687500 5484.158691
35780.773438 181243.718750 -2211.470215
33893.683594 116595.484375 -12277.088867
19296.046875 53033.085938 -21374.318359
2393.860596 5873.992188 -26522.916016
-2129.810059 -26121.314453 25938.734375
7611.302734 -21259.923828 41173.539062
26640.152344 -13328.263672 52019.871094
48934.152344 -4976.398926 55929.523438
63868.554688 1649.494751 51778.507812
68822.984375 6994.784180 39658.425781
62825.250000 11915.764648 22344.708984
43585.761719 16847.775391 3830.578857
15314.314453 21736.755859 -12217.157227
-16524.003906 25118.167969 -23061.357422
-45491.281250 25054.271484 -26661.287109
-60394.921875 20725.496094 -24241.757812
-55367.441406 13147.186523 -17456.726562
-34774.347656 3673.979492 -8225.987305
-5176.424805 -4750.494629 416.411682
20371.546875 -9693.166992 7264.202637
29537.136719 -10710.995117 11678.871094
21780.089844 -7289.279785 13886.110352
1003.230530 -1304.905884 14527.869141
-24306.619141 4629.231445 14776.977539
-40649.796875 8571.043945 14819.013672
-40701.148438 9239.157227 14550.932617
-23355.386719 6098.039551 14162.929688
4405.494141 542.828247 12585.431641
32097.806641 -5808.128906 9953.032227
47726.402344 -12040.595703 7341.942383
43156.781250 -16287.468750 4904.170898
21688.777344 -17952.435547 3863.834717
-7046.157227 -16937.830078 5164.400391
-31761.796875 -12212.069336 8459.034180
-38458.996094 -2502.284180 13425.166016
-25693.277344 10675.997070 19308.251953
1175.597656 25160.828125 24540.544922
34838.050781 30536.054688 26793.378906
61705.566406 34320.097656 23992.535156
74443.289062 36453.519531 16500.705078
73036.132812 36450.113281 7342.680176
57293.789062 33924.300781 272.078461
32483.716797 29813.761719 -2452.440186
9339.163086 24848.558594 -766.653809
-7773.047852 19809.253906 3861.213379
-15682.047852 15186.855469 7731.793945
-8459.538086 10781.330078 8277.786133
6772.631348 5159.396484 5076.383789
23791.380859 -2043.713989 -783.401062
39878.210938 -10445.582031 -6913.528809
46282.828125 -18656.318359 -10153.909180
39737.101562 -23926.908203 -10144.012695
25010.421875 -23555.234375 -7143.991211
1839.266235 -17731.923828 -2169.423828
-25689.113281 -7454.169922 2657.565186
-46198.550781 4198.100098 6159.381348
-55410.082031 13152.305664 8462.547852
-48629.972656 17669.587891 8557.657227
-21503.054688 17810.898438 6585.116211
16175.945312 14332.508789 3794.654297
51852.738281 9445.750977 170.634827
76198.242188 4912.332031 -3373.727051
79775.796875 1041.762817 -5239.500000
62023.925781 -941.682312 -5285.232422
36830.046875 53.033936 -3403.227051
13897.936523 3718.427734 843.604553
3212.648926 9981.592773 6256.875488
12779.019531 18200.507812 11976.095703
34350.894531 16424.513672 1033.391357
56622.445312 18557.796875 -2031.036377
71285.929688 18398.591797 -9418.286133
68414.773438 15731.595703 -18269.382812
45987.414062 12268.060547 -25801.300781
16052.205078 9476.012695 -29350.738281
-10496.520508 7404.909180 -27563.041016
-24338.968750 6575.226074 -22391.173828
-15394.649414 7537.826660 -17066.464844
11640.344727 10006.249023 -13503.023438
43101.058594 14049.177734 -12052.981445
70686.875000 19505.132812 -11454.306641
84783.570312 24351.349609 -8853.061523
78993.070312 26449.861328 -3549.732178
61733.386719 25424.533203 3378.565430
38475.707031 20907.816406 9794.619141
13535.881836 14778.066406 12891.512695
-2880.164062 9213.145508 11666.801758
-8688.974609 5475.794922 7236.377930
-5598.935059 3894.808350 1754.473389
8054.125488 3409.420410 -2604.249756
25065.701172 2230.889648 -4280.557129
34675.000000 -787.088989 -3561.938721
35000.710938 -5409.831055 -2014.181641
24400.998047 -10769.597656 -914.700195
4085.719482 -15496.600586 -1139.302368
-13005.058594 -18119.789062 -2572.291748
-21204.960938 -18135.310547 -4023.782959
-21160.539062 -15548.118164 -4476.944336
-11760.666992 -10478.735352 -3503.724365
2076.219238 -4718.711914 -1403.592285
11989.244141 -512.539001 744.548218
18407.179688 2272.974121 2544.783203
21592.183594 3098.763184 354.544006
16134.475586 3156.194580 -3149.194336
3970.403320 2970.603027 -6233.669434
-14061.977539 2607.711914 -7285.682129
-37111.859375 2472.505615 -5930.417969
-57050.480469 2606.297119 -2463.857178
-66160.179688 3225.064209 1578.039551
-61359.687500 4650.569336 4074.986084
-41300.058594 6502.659668 3281.532715
-10697.479492 7817.375488 -219.748474
18801.605469 7746.356445 -4434.581543
42410.238281 6407.729492 -6992.002441
55575.519531 4025.310791 -6112.167969
54992.207031 1518.480957 -1887.434448
44379.246094 70.408722 3574.367188
29904.019531 -290.103851 7460.992676
11937.833008 -85.809357 8570.056641
-5656.555664 157.603226 6923.799316
-16975.283203 386.574158 3905.992676
-23595.080078 104.616051 1637.124634
-25037.398438 -550.220886 952.429565
-20120.878906 -1468.339600 1517.543457
-14655.514648 -3312.007080 2385.754395
-12918.884766 -5891.550293 3054.590820
-14682.692383 -8465.969727 3491.163818
-18798.339844 -10088.248047 3889.834717
-22866.535156 -9863.865234 4511.259277
-19868.023438 -7458.913574 4944.644043
-7851.277344 -3482.424805 4956.119141
8467.039062 360.354950 4143.293945
26944.078125 2744.286377 2860.112549
41258.031250 1656.683594 -8853.659180
47131.312500 1163.352051 -11558.096680
46022.496094 1640.598389 -11640.968750
40432.933594 2823.915039 -8603.634766
34072.707031 3604.166016 -2961.685547
30554.433594 3535.881592 3430.948730
31986.310547 2379.860840 8216.616211
37027.484375 409.993866 9804.153320
42650.289062 -1240.570312 7612.423828
44084.882812 -1258.360840 2449.192383
36977.035156 529.910278 -3782.555664
21892.621094 3077.447266 -9150.515625
3122.565186 4617.584473 -12036.108398
-14959.918945 3430.089844 -11993.656250
-24198.724609 -406.167175 -9995.193359
-22200.906250 -5140.922852 -7119.658203
-14420.421875 -8219.526367 -4256.112793
-5254.828613 -7301.221191 -1848.815674
1101.345947 -2663.873047 -133.605011
1153.825317 3185.606445 1013.672058
-1488.680420 7002.240723 1289.009399
200.513275 6574.211914 482.480621
7275.518555 1753.491699 -1093.012817
16630.445312 -5080.083008 -3305.465088
24408.144531 -10640.540039 -5845.392578
23892.658203 -12785.174805 -7473.343750
12478.464844 -11048.566406 -7750.437500
-4312.293945 -6742.717773 -6633.924805
-22005.433594 -2743.473389 -4286.353027
-34350.515625 -873.302246 -928.558044
-35540.101562 -1725.863403 2838.765137
-25673.707031 -4793.229980 6518.980469
-9512.337891 9464.146484 104.870399
8750.611328 10999.903320 653.047852
25179.507812 11205.794922 -592.877747
35040.011719 9586.172852 -3321.383545
38118.855469 6627.937988 -5892.179199
37117.546875 3433.784912 -7226.843262
33449.039062 776.475830 -7146.849121
29128.810547 -887.041992 -5785.778320
25248.808594 -709.661255 -4800.832520
21792.755859 2125.998779 -5707.369629
18376.253906 6972.467285 -9093.363281
13816.049805 12928.301758 -14032.568359
10175.660156 18390.142578 -18754.441406
11077.905273 21292.529297 -21002.253906
15930.474609 20557.677734 -18987.943359
23525.070312 16995.503906 -12636.490234
32587.183594 12497.950195 -4210.781250
39360.035156 8669.300781 3652.864990
41038.121094 6069.759766 9007.014648
40047.910156 4672.639648 10923.852539
36991.453125 3395.925049 10190.273438
33091.109375 1819.919434 8628.415039
31118.208984 837.737671 7509.593750
32145.523438 1497.236694 6860.978516
33505.167969 3727.324219 6449.948242
34172.925781 6149.367188 6238.534180
35215.859375 7284.400879 6003.095215
35254.613281 6006.627441 5539.196289
32510.505859 2768.398682 5015.277344
27254.541016 -357.548645 4278.694336
20247.912109 -1479.910645 3102.287354
10868.136719 -1069.364502 1530.732788
619.252563 -146.492462 12320.774414
-6812.931641 -1374.955444 -1231.185547
-9654.398438 -1909.365845 -15858.225586
-9550.221680 -1826.523560 -25365.273438
-6849.812988 -1482.808716 -26214.087891
-2348.968750 -963.847717 -19597.123047
2279.008057 -939.763245 -10419.107422
5751.497070 -1548.133911 -4293.328613
9208.164062 -2358.597168 -5119.622070
12207.515625 -2444.271729 -13090.190430
12862.907227 -1379.184204 -23942.568359
11830.896484 1287.956787 -32473.171875
10394.211914 5471.770508 -34839.445312
8514.647461 9059.584961 -30015.646484
6325.303223 9944.163086 -19881.335938
5220.146484 6469.132812 -8360.787109
3801.892334 -1106.877441 909.874146
2028.374390 -9985.617188 6437.981934
2095.000488 -15697.683594 7620.157715
7267.270508 -14566.896484 5221.635742
17220.902344 -7124.562012 1134.644653
31418.457031 3110.194580 -2949.469238
48054.199219 10529.377930 -5166.499023
60882.054688 10533.638672 -5030.121094
64646.921875 2857.026123 -2529.793945
58502.675781 -8472.894531 1471.982788
46646.625000 -16558.408203 4953.240723
32796.796875 -16659.988281 6930.908691
22379.929688 -8270.159180 7075.000000
20129.283203 5035.464844 5936.980957
23281.988281 16046.246094 4480.362793
24454.089844 19043.380859 3396.650146
19292.066406 3044.203613 3390.100098
8030.309570 3655.548340 5264.427734
-7620.711426 4552.290527 6187.413086
-20970.886719 5396.263184 5094.217285
-24280.832031 5994.037109 1756.202881
-19179.642578 5511.974609 -2101.166260
-12441.374023 3989.114990 -4263.264160
-9045.416992 2267.742676 -2625.667969
-13241.835938 940.519775 2344.605469
-25502.902344 855.276184 8315.125000
-38998.871094 1948.051636 11892.946289
-43417.367188 3919.494385 11002.228516
-34357.820312 5831.530273 5877.323730
-12415.123047 7452.809570 -767.137573
17377.558594 8889.421875 -5258.130859
44908.523438 10423.067383 -5424.494629
59396.093750 11471.265625 -2050.156250
56522.277344 10301.668945 2319.094482
37052.800781 5504.014160 5193.152832
6621.599609 -2725.291748 5414.866211
-24182.400391 -12243.213867 3344.019775
-44935.503906 -19568.388672 -246.557449
-51193.695312 -21936.347656 -3643.916260
-44601.906250 -18511.894531 -6265.407227
-27078.117188 -10652.847656 -8132.275391
-5000.684570 -2366.291992 -9148.815430
13087.829102 3210.441895 -8836.127930
23924.123047 5216.740234 -6948.242676
27057.351562 4511.887695 -3976.687500
22615.050781 2657.668213 -360.502045
13716.411133 1145.367798 2664.979004
7669.638672 1660.779907 4598.592285
Finish
