1260.000000 -3850.000000 420.000000
1190.000000 -3920.000000 420.000000
1260.000000 -3850.000000 420.000000
1260.000000 -3850.000000 420.000000
1190.000000 -3850.000000 350.000000
1260.000000 -3850.000000 420.000000
1260.000000 -3850.000000 420.000000
1260.000000 -3920.000000 420.000000
1190.000000 -3850.000000 420.000000
1190.000000 -3850.000000 420.000000
1190.000000 -3850.000000 420.000000
1260.000000 -3850.000000 420.000000
1190.000000 -3850.000000 420.000000
1190.000000 -3850.000000 350.000000
1260.000000 -3850.000000 420.000000
1260.000000 -3850.000000 420.000000
1260.000000 -3850.000000 420.000000
1260.000000 -3850.000000 420.000000
1260.000000 -3850.000000 420.000000
1260.000000 -3920.000000 420.000000
1260.000000 -3850.000000 420.000000
1260.000000 -3920.000000 420.000000
1260.000000 -3850.000000 420.000000
1260.000000 -3850.000000 420.000000
1260.000000 -3920.000000 420.000000
1190.000000 -3850.000000 420.000000
1260.000000 -3850.000000 420.000000
1260.000000 -3850.000000 420.000000
1260.000000 -3920.000000 420.000000
1190.000000 -3850.000000 420.000000
1260.000000 -3850.000000 420.000000
1190.000000 -3920.000000 350.000000
1260.000000 -3850.000000 420.000000
1260.000000 -3920.000000 420.000000
1260.000000 -3850.000000 420.000000
1260.000000 -3850.000000 420.000000
1260.000000 -3850.000000 420.000000
1260.000000 -3850.000000 420.000000
1260.000000 -3850.000000 420.000000
1260.000000 -3850.000000 420.000000
1190.000000 -3850.000000 420.000000
1260.000000 -3850.000000 420.000000
1260.000000 -3920.000000 420.000000
1260.000000 -3850.000000 420.000000
1190.000000 -3850.000000 420.000000
1260.000000 -3850.000000 420.000000
1190.000000 -3920.000000 420.000000
1260.000000 -3850.000000 420.000000
1260.000000 -3920.000000 420.000000
1190.000000 -3850.000000 420.000000
1260.000000 -3920.000000 350.000000
1260.000000 -3850.000000 420.000000
1190.000000 -3920.000000 420.000000
1190.000000 -3850.000000 420.000000
1190.000000 -3920.000000 420.000000
1190.000000 -3850.000000 420.000000
1260.000000 -3850.000000 420.000000
1260.000000 -3920.000000 420.000000
1190.000000 -3920.000000 420.000000
1260.000000 -3850.000000 420.000000
1260.000000 -3920.000000 420.000000
1190.000000 -3920.000000 420.000000
1260.000000 -3850.000000 420.000000
1260.000000 -3850.000000 420.000000
1260.000000 -3850.000000 420.000000
1190.000000 -3850.000000 420.000000
1190.000000 -3850.000000 420.000000
1260.000000 -3850.000000 350.000000
1260.000000 -3850.000000 420.000000
1190.000000 -3850.000000 420.000000
1190.000000 -3850.000000 420.000000
1190.000000 -3850.000000 420.000000
1190.000000 -3850.000000 420.000000
1260.000000 -3850.000000 350.000000
1190.000000 -3850.000000 420.000000
1190.000000 -3850.000000 420.000000
1190.000000 -3920.000000 420.000000
1260.000000 -3850.000000 420.000000
1330.000000 -3710.000000 420.000000
1260.000000 -3920.000000 350.000000
1260.000000 -3920.000000 420.000000
1190.000000 -3920.000000 350.000000
1260.000000 -3780.000000 420.000000
1190.000000 -3920.000000 420.000000
1190.000000 -3920.000000 420.000000
1260.000000 -3850.000000 420.000000
1190.000000 -3850.000000 420.000000
1260.000000 -3850.000000 420.000000
1260.000000 -3920.000000 420.000000
1260.000000 -3850.000000 420.000000
1260.000000 -3850.000000 420.000000
1190.000000 -3850.000000 420.000000
1260.000000 -3850.000000 420.000000
1260.000000 -3850.000000 420.000000
1190.000000 -3920.000000 420.000000
1190.000000 -3850.000000 420.000000
1260.000000 -3850.000000 420.000000
1190.000000 -3920.000000 420.000000
1190.000000 -3850.000000 350.000000
1260.000000 -3920.000000 420.000000
1190.000000 -3850.000000 420.000000
1190.000000 -3850.000000 420.000000
1190.000000 -3850.000000 420.000000
1260.000000 -3850.000000 420.000000
1260.000000 -3850.000000 420.000000
1190.000000 -3850.000000 420.000000
1260.000000 -3850.000000 420.000000
1260.000000 -3850.000000 350.000000
1190.000000 -3850.000000 420.000000
1190.000000 -3850.000000 420.000000
1260.000000 -3850.000000 420.000000
1190.000000 -3850.000000 420.000000
1190.000000 -3850.000000 420.000000
1190.000000 -3920.000000 420.000000
1260.000000 -3850.000000 420.000000
1190.000000 -3920.000000 350.000000
1190.000000 -3850.000000 420.000000
1190.000000 -3850.000000 420.000000
1190.000000 -3850.000000 420.000000
1190.000000 -3850.000000 420.000000
1260.000000 -3850.000000 420.000000
1260.000000 -3850.000000 420.000000
1190.000000 -3850.000000 420.000000
1260.000000 -3850.000000 350.000000
1190.000000 -3920.000000 420.000000
1190.000000 -3920.000000 420.000000
1260.000000 -3850.000000 420.000000
1260.000000 -3850.000000 420.000000
1260.000000 -3850.000000 420.000000
1190.000000 -3850.000000 420.000000
1260.000000 -3850.000000 420.000000
1260.000000 -3850.000000 420.000000
1190.000000 -3850.000000 420.000000
1190.000000 -3850.000000 420.000000
1190.000000 -3850.000000 350.000000
1190.000000 -3850.000000 420.000000
1190.000000 -3850.000000 420.000000
1190.000000 -3850.000000 420.000000
1260.000000 -3850.000000 420.000000
1260.000000 -3850.000000 420.000000
1190.000000 -3850.000000 420.000000
1260.000000 -3850.000000 420.000000
1190.000000 -3850.000000 420.000000
1260.000000 -3850.000000 420.000000
1190.000000 -3850.000000 420.000000
1260.000000 -3850.000000 420.000000
1190.000000 -3850.000000 420.000000
1260.000000 -3850.000000 420.000000
1260.000000 -3850.000000 420.000000
1190.000000 -3850.000000 420.000000
1260.000000 -3850.000000 420.000000
1190.000000 -3850.000000 350.000000
1260.000000 -3850.000000 420.000000
1190.000000 -3850.000000 420.000000
1190.000000 -3920.000000 420.000000
1260.000000 -3850.000000 420.000000
1190.000000 -3920.000000 420.000000
1260.000000 -3850.000000 350.000000
1190.000000 -3850.000000 420.000000
1190.000000 -3920.000000 420.000000
1190.000000 -3850.000000 420.000000
1260.000000 -3920.000000 420.000000
1260.000000 -3920.000000 350.000000
1260.000000 -3850.000000 420.000000
1190.000000 -3850.000000 420.000000
1260.000000 -3850.000000 420.000000
1260.000000 -3850.000000 420.000000
1190.000000 -3850.000000 420.000000
1190.000000 -3920.000000 420.000000
-25410.000000 15120.000000 -18620.000000
-61040.000000 -39550.000000 38360.000000
-96460.000000 -173670.000000 0.000000
-105210.000000 -94360.000000 40460.000000
-111160.000000 -175490.000000 26320.000000
42350.000000 74480.000000 -21770.000000
177660.000000 454370.000000 -7140.000000
80640.000000 341880.000000 -3080.000000
-2450.000000 151760.000000 -74480.000000
-35560.000000 -77980.000000 -5250.000000
-81970.000000 -431760.000000 22260.000000
13090.000000 -216510.000000 44310.000000
16380.000000 -72520.000000 9450.000000
97510.000000 315000.000000 -69370.000000
35980.000000 125930.000000 27160.000000
-62160.000000 -111650.000000 39270.000000
-117880.000000 -322700.000000 45920.000000
-9870.000000 -155400.000000 -23240.000000
51310.000000 14840.000000 -13440.000000
45220.000000 111300.000000 -38360.000000
58520.000000 306110.000000 -35210.000000
24010.000000 124320.000000 15680.000000
-16170.000000 -159390.000000 40040.000000
-93100.000000 -259490.000000 -1890.000000
42140.000000 -121170.000000 26950.000000
26600.000000 23660.000000 -29820.000000
16940.000000 180810.000000 -74340.000000
10430.000000 231560.000000 -38220.000000
-13160.000000 -66290.000000 66990.000000
-43190.000000 -200760.000000 30940.000000
-17430.000000 -217840.000000 56700.000000
32900.000000 -43750.000000 14560.000000
39970.000000 185430.000000 -47530.000000
36540.000000 224770.000000 -33880.000000
-15260.000000 146860.000000 -5740.000000
-40320.000000 -88480.000000 8820.000000
-40040.000000 -226030.000000 -25760.000000
18900.000000 -268590.000000 15540.000000
700.000000 -81060.000000 -22750.000000
29190.000000 123270.000000 -10080.000000
61600.000000 225680.000000 11340.000000
20860.000000 227010.000000 -48300.000000
-33810.000000 4550.000000 -5110.000000
-89600.000000 -231490.000000 32340.000000
-27370.000000 -271530.000000 6860.000000
48790.000000 -23100.000000 -21630.000000
12880.000000 77840.000000 -56070.000000
30590.000000 209720.000000 -38920.000000
15330.000000 158830.000000 -17080.000000
-26950.000000 -143850.000000 22960.000000
-66220.000000 -288890.000000 49770.000000
-32970.000000 -193690.000000 47530.000000
42630.000000 29260.000000 -14210.000000
31430.000000 256620.000000 -27300.000000
70350.000000 249900.000000 -17780.000000
10710.000000 94290.000000 -19040.000000
-54670.000000 -192220.000000 -22330.000000
-90580.000000 -259350.000000 14420.000000
-22190.000000 -229740.000000 28910.000000
70000.000000 137690.000000 1610.000000
56980.000000 238560.000000 -50750.000000
27440.000000 218820.000000 -39200.000000
-21910.000000 45990.000000 -18060.000000
-35560.000000 -145670.000000 21280.000000
-43330.000000 -201040.000000 32550.000000
5110.000000 -148750.000000 25130.000000
7700.000000 66710.000000 -52010.000000
53270.000000 109900.000000 -36890.000000
31220.000000 134050.000000 -17220.000000
-7070.000000 65730.000000 19250.000000
2100.000000 -40460.000000 29260.000000
-28910.000000 -221340.000000 43610.000000
-2730.000000 -199990.000000 28420.000000
31080.000000 -72870.000000 19670.000000
18270.000000 60060.000000 -11970.000000
16170.000000 227080.000000 -27370.000000
7210.000000 240660.000000 -49560.000000
-30030.000000 144130.000000 -25830.000000
-48440.000000 -87220.000000 -7210.000000
-41300.000000 -237510.000000 17640.000000
11270.000000 -282030.000000 33950.000000
14490.000000 -88480.000000 17990.000000
20440.000000 151970.000000 -61180.000000
45290.000000 251860.000000 -57260.000000
12740.000000 162260.000000 -33040.000000
-30940.000000 -63280.000000 -13300.000000
-57330.000000 -282800.000000 3780.000000
-46130.000000 -278460.000000 33950.000000
24640.000000 -119280.000000 28420.000000
54320.000000 146580.000000 -33320.000000
62510.000000 306180.000000 -77350.000000
16940.000000 226380.000000 -52220.000000
-37800.000000 -14210.000000 3710.000000
-63770.000000 -219240.000000 3150.000000
-52990.000000 -295540.000000 15190.000000
14910.000000 -159600.000000 31220.000000
28350.000000 126490.000000 -29330.000000
83790.000000 284200.000000 -18270.000000
44660.000000 177030.000000 -23730.000000
-49910.000000 -32550.000000 8680.000000
-57890.000000 -296590.000000 31500.000000
-28560.000000 -221970.000000 34020.000000
35700.000000 -77840.000000 9940.000000
56350.000000 142870.000000 -31780.000000
37590.000000 240100.000000 -78260.000000
-2310.000000 172060.000000 -48580.000000
-25060.000000 46130.000000 12810.000000
-56420.000000 -122920.000000 59290.000000
-59850.000000 -258300.000000 52640.000000
-2800.000000 -212030.000000 13790.000000
42630.000000 78890.000000 -36050.000000
57120.000000 306880.000000 -68810.000000
44170.000000 185710.000000 -37730.000000
0.000000 -74410.000000 17360.000000
-34510.000000 -258020.000000 61530.000000
-65170.000000 -245210.000000 45430.000000
-7000.000000 -88340.000000 1190.000000
48370.000000 219520.000000 -33880.000000
74830.000000 290150.000000 -35770.000000
13860.000000 174790.000000 -25550.000000
-41160.000000 -57470.000000 -7210.000000
-40670.000000 -142100.000000 -3360.000000
-15750.000000 -183960.000000 34650.000000
57190.000000 21560.000000 -9100.000000
94500.000000 188160.000000 -21840.000000
72590.000000 141610.000000 14560.000000
-73360.000000 -105140.000000 9940.000000
-80500.000000 -224280.000000 63630.000000
-28700.000000 -211890.000000 54040.000000
37520.000000 14210.000000 -29540.000000
100870.000000 231000.000000 -126210.000000
10360.000000 166530.000000 -63840.000000
-66220.000000 -17640.000000 17640.000000
-69370.000000 -164920.000000 62650.000000
-1680.000000 -200830.000000 78120.000000
33460.000000 -38010.000000 -1610.000000
28490.000000 65520.000000 -94290.000000
46340.000000 152460.000000 -96390.000000
-17570.000000 23800.000000 24010.000000
-58940.000000 -70700.000000 37450.000000
-46970.000000 -66290.000000 47460.000000
5600.000000 30870.000000 -47740.000000
95970.000000 247590.000000 -107730.000000
66220.000000 193060.000000 -59850.000000
-57890.000000 -68880.000000 -770.000000
-59780.000000 -147910.000000 26810.000000
-33250.000000 -210910.000000 63980.000000
-8680.000000 -149730.000000 82950.000000
10570.000000 63980.000000 -24290.000000
31780.000000 194180.000000 -73220.000000
37240.000000 189700.000000 -36610.000000